(kicad_pcb (version 20171130) (host pcbnew 5.0.2-bee76a0~70~ubuntu18.04.1)

  (general
    (thickness 1.6)
    (drawings 6)
    (tracks 0)
    (zones 0)
    (modules 261)
    (nets 228)
  )

  (page A4)
  (layers
    (0 F.Cu signal)
    (31 B.Cu signal)
    (32 B.Adhes user)
    (33 F.Adhes user)
    (34 B.Paste user)
    (35 F.Paste user)
    (36 B.SilkS user)
    (37 F.SilkS user)
    (38 B.Mask user)
    (39 F.Mask user)
    (40 Dwgs.User user)
    (41 Cmts.User user hide)
    (42 Eco1.User user hide)
    (43 Eco2.User user hide)
    (44 Edge.Cuts user)
    (45 Margin user hide)
    (46 B.CrtYd user hide)
    (47 F.CrtYd user)
    (48 B.Fab user hide)
    (49 F.Fab user hide)
  )

  (setup
    (last_trace_width 0.15)
    (user_trace_width 0.2)
    (user_trace_width 0.3)
    (user_trace_width 0.5)
    (user_trace_width 1)
    (user_trace_width 2)
    (user_trace_width 3)
    (user_trace_width 5)
    (trace_clearance 0.15)
    (zone_clearance 0.15)
    (zone_45_only no)
    (trace_min 0.15)
    (segment_width 0.2)
    (edge_width 0.15)
    (via_size 0.3)
    (via_drill 0.2)
    (via_min_size 0.3)
    (via_min_drill 0.2)
    (user_via 0.3 0.2)
    (user_via 0.75 0.5)
    (user_via 1.5 1)
    (user_via 2.25 1.5)
    (uvia_size 0.25)
    (uvia_drill 0.15)
    (uvias_allowed no)
    (uvia_min_size 0.2)
    (uvia_min_drill 0.1)
    (pcb_text_width 0.3)
    (pcb_text_size 1.5 1.5)
    (mod_edge_width 0.15)
    (mod_text_size 1 1)
    (mod_text_width 0.15)
    (pad_size 1.524 1.524)
    (pad_drill 0.762)
    (pad_to_mask_clearance 0.051)
    (solder_mask_min_width 0.25)
    (aux_axis_origin 0 0)
    (grid_origin 45.466 142.084)
    (visible_elements FFFFFF7F)
    (pcbplotparams
      (layerselection 0x000f0_7ffffffe)
      (usegerberextensions false)
      (usegerberattributes true)
      (usegerberadvancedattributes false)
      (creategerberjobfile false)
      (excludeedgelayer false)
      (linewidth 0.150000)
      (plotframeref false)
      (viasonmask false)
      (mode 1)
      (useauxorigin true)
      (hpglpennumber 1)
      (hpglpenspeed 20)
      (hpglpendiameter 15.000000)
      (psnegative false)
      (psa4output false)
      (plotreference true)
      (plotvalue true)
      (plotinvisibletext false)
      (padsonsilk true)
      (subtractmaskfromsilk false)
      (outputformat 3)
      (mirror false)
      (drillshape 0)
      (scaleselection 1)
      (outputdirectory "plots/"))
  )

  (net 0 "")
  (net 1 GND)
  (net 2 +3V3)
  (net 3 "Net-(C104-Pad1)")
  (net 4 "Net-(C105-Pad1)")
  (net 5 SYSTEM_LOAD)
  (net 6 GNDPWR)
  (net 7 /02_StepUp/FB_BOOST)
  (net 8 POWER_AMP)
  (net 9 "Net-(C401-Pad2)")
  (net 10 /00_Charger/POWER_SUPPLY)
  (net 11 "Net-(C403-Pad1)")
  (net 12 "Net-(C404-Pad2)")
  (net 13 "Net-(C405-Pad2)")
  (net 14 "Net-(C406-Pad2)")
  (net 15 "Net-(C407-Pad1)")
  (net 16 "Net-(C408-Pad1)")
  (net 17 "Net-(C409-Pad1)")
  (net 18 "Net-(C410-Pad1)")
  (net 19 PACK+)
  (net 20 "Net-(C501-Pad2)")
  (net 21 /Amplifier/VDDS)
  (net 22 "Net-(C503-Pad1)")
  (net 23 "Net-(C504-Pad1)")
  (net 24 "Net-(C504-Pad2)")
  (net 25 "Net-(C505-Pad1)")
  (net 26 TO_SPEAKER_L)
  (net 27 GNDA)
  (net 28 TO_SPEAKER_R)
  (net 29 "Net-(C510-Pad1)")
  (net 30 "Net-(C510-Pad2)")
  (net 31 "Net-(C517-Pad2)")
  (net 32 "Net-(C517-Pad1)")
  (net 33 "Net-(C518-Pad1)")
  (net 34 "Net-(C518-Pad2)")
  (net 35 /Amplifier/SPEAKER_L+)
  (net 36 /Amplifier/SPEAKER_L-)
  (net 37 /Amplifier/SPEAKER_R-)
  (net 38 /Amplifier/SPEAKER_R+)
  (net 39 "Net-(C526-Pad1)")
  (net 40 "Net-(C527-Pad2)")
  (net 41 "Net-(C528-Pad1)")
  (net 42 "Net-(C529-Pad2)")
  (net 43 "Net-(C603-Pad1)")
  (net 44 "Net-(C604-Pad1)")
  (net 45 "Net-(C605-Pad1)")
  (net 46 "Net-(C606-Pad1)")
  (net 47 "Net-(C609-Pad2)")
  (net 48 "Net-(C610-Pad2)")
  (net 49 /RST)
  (net 50 /SWDIO)
  (net 51 /SWCLK)
  (net 52 "Net-(J101-Pad9)")
  (net 53 "Net-(J101-Pad10)")
  (net 54 SDA)
  (net 55 RxT)
  (net 56 SCL)
  (net 57 TxR)
  (net 58 "Net-(L501-Pad1)")
  (net 59 "Net-(L503-Pad1)")
  (net 60 "Net-(Q401-Pad1)")
  (net 61 /GAIN)
  (net 62 /BASS)
  (net 63 /MIDDLE)
  (net 64 /TREBLE)
  (net 65 "Net-(R402-Pad1)")
  (net 66 CHARGER_IOUT)
  (net 67 /00_Charger/IOUT)
  (net 68 "Net-(R408-Pad1)")
  (net 69 "Net-(R409-Pad1)")
  (net 70 CHARGER_DISABLE)
  (net 71 CHARGER_PLUGGED)
  (net 72 MUTE_TDA7498)
  (net 73 STBY_TDA7498)
  (net 74 DIAG_TDA7498)
  (net 75 "Net-(SW501-Pad3)")
  (net 76 "Net-(SW501-Pad4)")
  (net 77 "Net-(U501-Pad25)")
  (net 78 "Net-(Q402-Pad1)")
  (net 79 "Net-(D402-Pad2)")
  (net 80 /ST_Link_3V3)
  (net 81 "Net-(C509-Pad1)")
  (net 82 "Net-(C535-Pad2)")
  (net 83 "Net-(C613-Pad1)")
  (net 84 "Net-(J603-Pad4)")
  (net 85 "Net-(J603-Pad6)")
  (net 86 "Net-(C606-Pad2)")
  (net 87 "Net-(J603-Pad2)")
  (net 88 "Net-(J603-Pad8)")
  (net 89 "Net-(J603-Pad10)")
  (net 90 "Net-(D101-Pad2)")
  (net 91 "Net-(R124-Pad1)")
  (net 92 /TEMP_SENSOR1)
  (net 93 /TEMP_SENSOR2)
  (net 94 /02_StepUp/12V)
  (net 95 /02_StepUp/STPUP_GND)
  (net 96 PACK_SENSE)
  (net 97 "Net-(C412-Pad1)")
  (net 98 "Net-(C508-Pad1)")
  (net 99 "Net-(C533-Pad1)")
  (net 100 "Net-(C536-Pad1)")
  (net 101 "Net-(C537-Pad2)")
  (net 102 "Net-(C537-Pad1)")
  (net 103 "Net-(C538-Pad1)")
  (net 104 "Net-(C538-Pad2)")
  (net 105 "Net-(C539-Pad2)")
  (net 106 "Net-(C539-Pad1)")
  (net 107 "Net-(C540-Pad1)")
  (net 108 "Net-(C540-Pad2)")
  (net 109 +8V)
  (net 110 "Net-(C601-Pad1)")
  (net 111 /AudioProcessor/BT_L+)
  (net 112 "Net-(C604-Pad2)")
  (net 113 /AudioProcessor/BT_R+)
  (net 114 /AudioProcessor/BT_L-)
  (net 115 /AudioProcessor/BT_R-)
  (net 116 "Net-(C613-Pad2)")
  (net 117 "Net-(C_1-Pad1)")
  (net 118 "Net-(C_2-Pad1)")
  (net 119 "Net-(C_3-Pad2)")
  (net 120 "Net-(C_4-Pad1)")
  (net 121 /02_StepUp/STEPUP_GND)
  (net 122 /02_StepUp/IN_STEPUP)
  (net 123 "Net-(C_6_1-Pad1)")
  (net 124 DC_20V_POWER_SUPPLY)
  (net 125 "Net-(D_1-Pad1)")
  (net 126 "Net-(F301-Pad1)")
  (net 127 "Net-(J101-Pad3)")
  (net 128 "Net-(J101-Pad4)")
  (net 129 3V3_EN)
  (net 130 /INPUT1)
  (net 131 "Net-(J101-Pad16)")
  (net 132 /INPUT2)
  (net 133 "Net-(J101-Pad20)")
  (net 134 /INPUT3)
  (net 135 "Net-(J101-Pad24)")
  (net 136 "Net-(J101-Pad27)")
  (net 137 "Net-(J101-Pad28)")
  (net 138 "Net-(J101-Pad32)")
  (net 139 "Net-(J103-Pad5)")
  (net 140 "Net-(J103-Pad9)")
  (net 141 "Net-(J103-Pad10)")
  (net 142 /UART1_RX)
  (net 143 /UART1_TX)
  (net 144 /I2C1_SDA)
  (net 145 /I2C1_SCL)
  (net 146 "Net-(J603-Pad12)")
  (net 147 "Net-(L302-Pad2)")
  (net 148 "Net-(Q303-Pad1)")
  (net 149 "Net-(Q304-Pad1)")
  (net 150 "Net-(Q304-Pad3)")
  (net 151 "Net-(Q305-Pad1)")
  (net 152 "Net-(Q306-Pad3)")
  (net 153 "Net-(Q306-Pad1)")
  (net 154 "Net-(Q307-Pad3)")
  (net 155 "Net-(Q307-Pad1)")
  (net 156 "Net-(Q308-Pad1)")
  (net 157 "Net-(Q308-Pad3)")
  (net 158 "Net-(Q309-Pad1)")
  (net 159 "Net-(Q501-Pad1)")
  (net 160 "Net-(Q501-Pad3)")
  (net 161 /StepDown/3V3_ON_OFF)
  (net 162 /OUTPUT1)
  (net 163 /OUTPUT2)
  (net 164 /OUTPUT3)
  (net 165 /OUTPUT4)
  (net 166 "Net-(R117-Pad1)")
  (net 167 PWR_EN)
  (net 168 EN_PACK_SENSE)
  (net 169 RST_BT)
  (net 170 "Net-(R516-Pad2)")
  (net 171 "Net-(R516-Pad1)")
  (net 172 "Net-(R517-Pad2)")
  (net 173 "Net-(R523-Pad2)")
  (net 174 "Net-(R524-Pad2)")
  (net 175 ENABLE_8V)
  (net 176 "Net-(RV_1-Pad2)")
  (net 177 /02_StepUp/STEPUP_CS)
  (net 178 "Net-(R_5-Pad1)")
  (net 179 "Net-(R_7-Pad1)")
  (net 180 ENABLE_12V)
  (net 181 "Net-(R_11-Pad2)")
  (net 182 "Net-(R_4_1-Pad1)")
  (net 183 "Net-(R_4_1-Pad2)")
  (net 184 "Net-(R_4_2-Pad1)")
  (net 185 "Net-(TP501-Pad1)")
  (net 186 "Net-(TP502-Pad1)")
  (net 187 "Net-(TP503-Pad1)")
  (net 188 "Net-(U102-Pad32)")
  (net 189 "Net-(U102-Pad33)")
  (net 190 "Net-(U102-Pad35)")
  (net 191 "Net-(U102-Pad36)")
  (net 192 "Net-(U102-Pad41)")
  (net 193 "Net-(U502-Pad2)")
  (net 194 "Net-(U502-Pad4)")
  (net 195 "Net-(U502-Pad5)")
  (net 196 "Net-(U502-Pad6)")
  (net 197 "Net-(U502-Pad7)")
  (net 198 "Net-(U502-Pad9)")
  (net 199 "Net-(U502-Pad12)")
  (net 200 "Net-(U502-Pad13)")
  (net 201 "Net-(U502-Pad14)")
  (net 202 "Net-(U502-Pad15)")
  (net 203 "Net-(U502-Pad17)")
  (net 204 "Net-(U502-Pad18)")
  (net 205 "Net-(U502-Pad19)")
  (net 206 "Net-(U502-Pad20)")
  (net 207 "Net-(U502-Pad21)")
  (net 208 "Net-(U502-Pad22)")
  (net 209 "Net-(U502-Pad23)")
  (net 210 "Net-(U502-Pad28)")
  (net 211 "Net-(U502-Pad30)")
  (net 212 "Net-(U502-Pad31)")
  (net 213 "Net-(U503-Pad4)")
  (net 214 "Net-(U503-Pad5)")
  (net 215 "Net-(U503-Pad6)")
  (net 216 "Net-(U503-Pad7)")
  (net 217 "Net-(U503-Pad8)")
  (net 218 "Net-(U503-Pad9)")
  (net 219 "Net-(U503-Pad19)")
  (net 220 "Net-(U503-Pad20)")
  (net 221 "Net-(C413-Pad1)")
  (net 222 "Net-(C414-Pad1)")
  (net 223 "Net-(C607-Pad2)")
  (net 224 "Net-(C608-Pad1)")
  (net 225 "Net-(C608-Pad2)")
  (net 226 "Net-(C611-Pad1)")
  (net 227 "Net-(R_FBB601-Pad2)")

  (net_class Default "This is the default net class."
    (clearance 0.15)
    (trace_width 0.15)
    (via_dia 0.3)
    (via_drill 0.2)
    (uvia_dia 0.25)
    (uvia_drill 0.15)
    (add_net +3V3)
    (add_net +8V)
    (add_net /00_Charger/IOUT)
    (add_net /00_Charger/POWER_SUPPLY)
    (add_net /02_StepUp/12V)
    (add_net /02_StepUp/FB_BOOST)
    (add_net /02_StepUp/IN_STEPUP)
    (add_net /02_StepUp/STEPUP_CS)
    (add_net /02_StepUp/STEPUP_GND)
    (add_net /02_StepUp/STPUP_GND)
    (add_net /Amplifier/SPEAKER_L+)
    (add_net /Amplifier/SPEAKER_L-)
    (add_net /Amplifier/SPEAKER_R+)
    (add_net /Amplifier/SPEAKER_R-)
    (add_net /Amplifier/VDDS)
    (add_net /AudioProcessor/BT_L+)
    (add_net /AudioProcessor/BT_L-)
    (add_net /AudioProcessor/BT_R+)
    (add_net /AudioProcessor/BT_R-)
    (add_net /BASS)
    (add_net /GAIN)
    (add_net /I2C1_SCL)
    (add_net /I2C1_SDA)
    (add_net /INPUT1)
    (add_net /INPUT2)
    (add_net /INPUT3)
    (add_net /MIDDLE)
    (add_net /OUTPUT1)
    (add_net /OUTPUT2)
    (add_net /OUTPUT3)
    (add_net /OUTPUT4)
    (add_net /RST)
    (add_net /ST_Link_3V3)
    (add_net /SWCLK)
    (add_net /SWDIO)
    (add_net /StepDown/3V3_ON_OFF)
    (add_net /TEMP_SENSOR1)
    (add_net /TEMP_SENSOR2)
    (add_net /TREBLE)
    (add_net /UART1_RX)
    (add_net /UART1_TX)
    (add_net 3V3_EN)
    (add_net CHARGER_DISABLE)
    (add_net CHARGER_IOUT)
    (add_net CHARGER_PLUGGED)
    (add_net DC_20V_POWER_SUPPLY)
    (add_net DIAG_TDA7498)
    (add_net ENABLE_12V)
    (add_net ENABLE_8V)
    (add_net EN_PACK_SENSE)
    (add_net GND)
    (add_net GNDA)
    (add_net GNDPWR)
    (add_net MUTE_TDA7498)
    (add_net "Net-(C104-Pad1)")
    (add_net "Net-(C105-Pad1)")
    (add_net "Net-(C401-Pad2)")
    (add_net "Net-(C403-Pad1)")
    (add_net "Net-(C404-Pad2)")
    (add_net "Net-(C405-Pad2)")
    (add_net "Net-(C406-Pad2)")
    (add_net "Net-(C407-Pad1)")
    (add_net "Net-(C408-Pad1)")
    (add_net "Net-(C409-Pad1)")
    (add_net "Net-(C410-Pad1)")
    (add_net "Net-(C412-Pad1)")
    (add_net "Net-(C413-Pad1)")
    (add_net "Net-(C414-Pad1)")
    (add_net "Net-(C501-Pad2)")
    (add_net "Net-(C503-Pad1)")
    (add_net "Net-(C504-Pad1)")
    (add_net "Net-(C504-Pad2)")
    (add_net "Net-(C505-Pad1)")
    (add_net "Net-(C508-Pad1)")
    (add_net "Net-(C509-Pad1)")
    (add_net "Net-(C510-Pad1)")
    (add_net "Net-(C510-Pad2)")
    (add_net "Net-(C517-Pad1)")
    (add_net "Net-(C517-Pad2)")
    (add_net "Net-(C518-Pad1)")
    (add_net "Net-(C518-Pad2)")
    (add_net "Net-(C526-Pad1)")
    (add_net "Net-(C527-Pad2)")
    (add_net "Net-(C528-Pad1)")
    (add_net "Net-(C529-Pad2)")
    (add_net "Net-(C533-Pad1)")
    (add_net "Net-(C535-Pad2)")
    (add_net "Net-(C536-Pad1)")
    (add_net "Net-(C537-Pad1)")
    (add_net "Net-(C537-Pad2)")
    (add_net "Net-(C538-Pad1)")
    (add_net "Net-(C538-Pad2)")
    (add_net "Net-(C539-Pad1)")
    (add_net "Net-(C539-Pad2)")
    (add_net "Net-(C540-Pad1)")
    (add_net "Net-(C540-Pad2)")
    (add_net "Net-(C601-Pad1)")
    (add_net "Net-(C603-Pad1)")
    (add_net "Net-(C604-Pad1)")
    (add_net "Net-(C604-Pad2)")
    (add_net "Net-(C605-Pad1)")
    (add_net "Net-(C606-Pad1)")
    (add_net "Net-(C606-Pad2)")
    (add_net "Net-(C607-Pad2)")
    (add_net "Net-(C608-Pad1)")
    (add_net "Net-(C608-Pad2)")
    (add_net "Net-(C609-Pad2)")
    (add_net "Net-(C610-Pad2)")
    (add_net "Net-(C611-Pad1)")
    (add_net "Net-(C613-Pad1)")
    (add_net "Net-(C613-Pad2)")
    (add_net "Net-(C_1-Pad1)")
    (add_net "Net-(C_2-Pad1)")
    (add_net "Net-(C_3-Pad2)")
    (add_net "Net-(C_4-Pad1)")
    (add_net "Net-(C_6_1-Pad1)")
    (add_net "Net-(D101-Pad2)")
    (add_net "Net-(D402-Pad2)")
    (add_net "Net-(D_1-Pad1)")
    (add_net "Net-(F301-Pad1)")
    (add_net "Net-(J101-Pad10)")
    (add_net "Net-(J101-Pad16)")
    (add_net "Net-(J101-Pad20)")
    (add_net "Net-(J101-Pad24)")
    (add_net "Net-(J101-Pad27)")
    (add_net "Net-(J101-Pad28)")
    (add_net "Net-(J101-Pad3)")
    (add_net "Net-(J101-Pad32)")
    (add_net "Net-(J101-Pad4)")
    (add_net "Net-(J101-Pad9)")
    (add_net "Net-(J103-Pad10)")
    (add_net "Net-(J103-Pad5)")
    (add_net "Net-(J103-Pad9)")
    (add_net "Net-(J603-Pad10)")
    (add_net "Net-(J603-Pad12)")
    (add_net "Net-(J603-Pad2)")
    (add_net "Net-(J603-Pad4)")
    (add_net "Net-(J603-Pad6)")
    (add_net "Net-(J603-Pad8)")
    (add_net "Net-(L302-Pad2)")
    (add_net "Net-(L501-Pad1)")
    (add_net "Net-(L503-Pad1)")
    (add_net "Net-(Q303-Pad1)")
    (add_net "Net-(Q304-Pad1)")
    (add_net "Net-(Q304-Pad3)")
    (add_net "Net-(Q305-Pad1)")
    (add_net "Net-(Q306-Pad1)")
    (add_net "Net-(Q306-Pad3)")
    (add_net "Net-(Q307-Pad1)")
    (add_net "Net-(Q307-Pad3)")
    (add_net "Net-(Q308-Pad1)")
    (add_net "Net-(Q308-Pad3)")
    (add_net "Net-(Q309-Pad1)")
    (add_net "Net-(Q401-Pad1)")
    (add_net "Net-(Q402-Pad1)")
    (add_net "Net-(Q501-Pad1)")
    (add_net "Net-(Q501-Pad3)")
    (add_net "Net-(R117-Pad1)")
    (add_net "Net-(R124-Pad1)")
    (add_net "Net-(R402-Pad1)")
    (add_net "Net-(R408-Pad1)")
    (add_net "Net-(R409-Pad1)")
    (add_net "Net-(R516-Pad1)")
    (add_net "Net-(R516-Pad2)")
    (add_net "Net-(R517-Pad2)")
    (add_net "Net-(R523-Pad2)")
    (add_net "Net-(R524-Pad2)")
    (add_net "Net-(RV_1-Pad2)")
    (add_net "Net-(R_11-Pad2)")
    (add_net "Net-(R_4_1-Pad1)")
    (add_net "Net-(R_4_1-Pad2)")
    (add_net "Net-(R_4_2-Pad1)")
    (add_net "Net-(R_5-Pad1)")
    (add_net "Net-(R_7-Pad1)")
    (add_net "Net-(R_FBB601-Pad2)")
    (add_net "Net-(SW501-Pad3)")
    (add_net "Net-(SW501-Pad4)")
    (add_net "Net-(TP501-Pad1)")
    (add_net "Net-(TP502-Pad1)")
    (add_net "Net-(TP503-Pad1)")
    (add_net "Net-(U102-Pad32)")
    (add_net "Net-(U102-Pad33)")
    (add_net "Net-(U102-Pad35)")
    (add_net "Net-(U102-Pad36)")
    (add_net "Net-(U102-Pad41)")
    (add_net "Net-(U501-Pad25)")
    (add_net "Net-(U502-Pad12)")
    (add_net "Net-(U502-Pad13)")
    (add_net "Net-(U502-Pad14)")
    (add_net "Net-(U502-Pad15)")
    (add_net "Net-(U502-Pad17)")
    (add_net "Net-(U502-Pad18)")
    (add_net "Net-(U502-Pad19)")
    (add_net "Net-(U502-Pad2)")
    (add_net "Net-(U502-Pad20)")
    (add_net "Net-(U502-Pad21)")
    (add_net "Net-(U502-Pad22)")
    (add_net "Net-(U502-Pad23)")
    (add_net "Net-(U502-Pad28)")
    (add_net "Net-(U502-Pad30)")
    (add_net "Net-(U502-Pad31)")
    (add_net "Net-(U502-Pad4)")
    (add_net "Net-(U502-Pad5)")
    (add_net "Net-(U502-Pad6)")
    (add_net "Net-(U502-Pad7)")
    (add_net "Net-(U502-Pad9)")
    (add_net "Net-(U503-Pad19)")
    (add_net "Net-(U503-Pad20)")
    (add_net "Net-(U503-Pad4)")
    (add_net "Net-(U503-Pad5)")
    (add_net "Net-(U503-Pad6)")
    (add_net "Net-(U503-Pad7)")
    (add_net "Net-(U503-Pad8)")
    (add_net "Net-(U503-Pad9)")
    (add_net PACK+)
    (add_net PACK_SENSE)
    (add_net POWER_AMP)
    (add_net PWR_EN)
    (add_net RST_BT)
    (add_net RxT)
    (add_net SCL)
    (add_net SDA)
    (add_net STBY_TDA7498)
    (add_net SYSTEM_LOAD)
    (add_net TO_SPEAKER_L)
    (add_net TO_SPEAKER_R)
    (add_net TxR)
  )

  (module MountingHole:MountingHole_3.2mm_M3_DIN965_Pad locked (layer F.Cu) (tedit 56D1B4CB) (tstamp 5EAC545F)
    (at 50.466 42.084)
    (descr "Mounting Hole 3.2mm, M3, DIN965")
    (tags "mounting hole 3.2mm m3 din965")
    (path /5E9D647A)
    (attr virtual)
    (fp_text reference H101 (at 0 -3.8) (layer F.SilkS)
      (effects (font (size 1 1) (thickness 0.15)))
    )
    (fp_text value MountingHole_Pad (at 0 3.8) (layer F.Fab)
      (effects (font (size 1 1) (thickness 0.15)))
    )
    (fp_circle (center 0 0) (end 3.05 0) (layer F.CrtYd) (width 0.05))
    (fp_circle (center 0 0) (end 2.8 0) (layer Cmts.User) (width 0.15))
    (fp_text user %R (at 0.3 0) (layer F.Fab)
      (effects (font (size 1 1) (thickness 0.15)))
    )
    (pad 1 thru_hole circle (at 0 0) (size 5.6 5.6) (drill 3.2) (layers *.Cu *.Mask)
      (net 1 GND))
  )

  (module MountingHole:MountingHole_3.2mm_M3_DIN965_Pad locked (layer F.Cu) (tedit 56D1B4CB) (tstamp 5EAC5467)
    (at 50.466 137.084)
    (descr "Mounting Hole 3.2mm, M3, DIN965")
    (tags "mounting hole 3.2mm m3 din965")
    (path /5E9D663C)
    (attr virtual)
    (fp_text reference H102 (at 0 -3.8) (layer F.SilkS)
      (effects (font (size 1 1) (thickness 0.15)))
    )
    (fp_text value MountingHole_Pad (at 0 3.8) (layer F.Fab)
      (effects (font (size 1 1) (thickness 0.15)))
    )
    (fp_circle (center 0 0) (end 3.05 0) (layer F.CrtYd) (width 0.05))
    (fp_circle (center 0 0) (end 2.8 0) (layer Cmts.User) (width 0.15))
    (fp_text user %R (at 0.3 0) (layer F.Fab)
      (effects (font (size 1 1) (thickness 0.15)))
    )
    (pad 1 thru_hole circle (at 0 0) (size 5.6 5.6) (drill 3.2) (layers *.Cu *.Mask)
      (net 1 GND))
  )

  (module MountingHole:MountingHole_3.2mm_M3_DIN965_Pad locked (layer F.Cu) (tedit 56D1B4CB) (tstamp 5EAC5955)
    (at 145.466 42.084)
    (descr "Mounting Hole 3.2mm, M3, DIN965")
    (tags "mounting hole 3.2mm m3 din965")
    (path /5E9D66BC)
    (attr virtual)
    (fp_text reference H103 (at 0 -3.8) (layer F.SilkS)
      (effects (font (size 1 1) (thickness 0.15)))
    )
    (fp_text value MountingHole_Pad (at 0 3.8) (layer F.Fab)
      (effects (font (size 1 1) (thickness 0.15)))
    )
    (fp_circle (center 0 0) (end 3.05 0) (layer F.CrtYd) (width 0.05))
    (fp_circle (center 0 0) (end 2.8 0) (layer Cmts.User) (width 0.15))
    (fp_text user %R (at 0.3 0) (layer F.Fab)
      (effects (font (size 1 1) (thickness 0.15)))
    )
    (pad 1 thru_hole circle (at 0 0) (size 5.6 5.6) (drill 3.2) (layers *.Cu *.Mask)
      (net 1 GND))
  )

  (module MountingHole:MountingHole_3.2mm_M3_DIN965_Pad locked (layer F.Cu) (tedit 56D1B4CB) (tstamp 5EAC5993)
    (at 145.466 137.084)
    (descr "Mounting Hole 3.2mm, M3, DIN965")
    (tags "mounting hole 3.2mm m3 din965")
    (path /5E9D673A)
    (attr virtual)
    (fp_text reference H104 (at 0 -3.8) (layer F.SilkS)
      (effects (font (size 1 1) (thickness 0.15)))
    )
    (fp_text value MountingHole_Pad (at 0 3.8) (layer F.Fab)
      (effects (font (size 1 1) (thickness 0.15)))
    )
    (fp_circle (center 0 0) (end 3.05 0) (layer F.CrtYd) (width 0.05))
    (fp_circle (center 0 0) (end 2.8 0) (layer Cmts.User) (width 0.15))
    (fp_text user %R (at 0.3 0) (layer F.Fab)
      (effects (font (size 1 1) (thickness 0.15)))
    )
    (pad 1 thru_hole circle (at 0 0) (size 5.6 5.6) (drill 3.2) (layers *.Cu *.Mask)
      (net 1 GND))
  )

  (module MountingHole:MountingHole_3.2mm_M3_DIN965_Pad locked (layer F.Cu) (tedit 56D1B4CB) (tstamp 5EAC591F)
    (at 240.466 42.084)
    (descr "Mounting Hole 3.2mm, M3, DIN965")
    (tags "mounting hole 3.2mm m3 din965")
    (path /5E9D6872)
    (attr virtual)
    (fp_text reference H105 (at 0 -3.8) (layer F.SilkS)
      (effects (font (size 1 1) (thickness 0.15)))
    )
    (fp_text value MountingHole_Pad (at 0 3.8) (layer F.Fab)
      (effects (font (size 1 1) (thickness 0.15)))
    )
    (fp_circle (center 0 0) (end 3.05 0) (layer F.CrtYd) (width 0.05))
    (fp_circle (center 0 0) (end 2.8 0) (layer Cmts.User) (width 0.15))
    (fp_text user %R (at 0.3 0) (layer F.Fab)
      (effects (font (size 1 1) (thickness 0.15)))
    )
    (pad 1 thru_hole circle (at 0 0) (size 5.6 5.6) (drill 3.2) (layers *.Cu *.Mask)
      (net 1 GND))
  )

  (module MountingHole:MountingHole_3.2mm_M3_DIN965_Pad locked (layer F.Cu) (tedit 56D1B4CB) (tstamp 5EAC5487)
    (at 240.466 137.084)
    (descr "Mounting Hole 3.2mm, M3, DIN965")
    (tags "mounting hole 3.2mm m3 din965")
    (path /5E9D68F4)
    (attr virtual)
    (fp_text reference H106 (at 0 -3.8) (layer F.SilkS)
      (effects (font (size 1 1) (thickness 0.15)))
    )
    (fp_text value MountingHole_Pad (at 0 3.8) (layer F.Fab)
      (effects (font (size 1 1) (thickness 0.15)))
    )
    (fp_circle (center 0 0) (end 3.05 0) (layer F.CrtYd) (width 0.05))
    (fp_circle (center 0 0) (end 2.8 0) (layer Cmts.User) (width 0.15))
    (fp_text user %R (at 0.3 0) (layer F.Fab)
      (effects (font (size 1 1) (thickness 0.15)))
    )
    (pad 1 thru_hole circle (at 0 0) (size 5.6 5.6) (drill 3.2) (layers *.Cu *.Mask)
      (net 1 GND))
  )

  (module Capacitor_SMD:C_0603_1608Metric_Pad1.05x0.95mm_HandSolder (layer F.Cu) (tedit 5B301BBE) (tstamp 5F050E32)
    (at 119.571001 234.639001)
    (descr "Capacitor SMD 0603 (1608 Metric), square (rectangular) end terminal, IPC_7351 nominal with elongated pad for handsoldering. (Body size source: http://www.tortai-tech.com/upload/download/2011102023233369053.pdf), generated with kicad-footprint-generator")
    (tags "capacitor handsolder")
    (path /5EF1B411)
    (attr smd)
    (fp_text reference C101 (at 0 -1.43) (layer F.SilkS)
      (effects (font (size 1 1) (thickness 0.15)))
    )
    (fp_text value 100nF (at 0 1.43) (layer F.Fab)
      (effects (font (size 1 1) (thickness 0.15)))
    )
    (fp_line (start -0.8 0.4) (end -0.8 -0.4) (layer F.Fab) (width 0.1))
    (fp_line (start -0.8 -0.4) (end 0.8 -0.4) (layer F.Fab) (width 0.1))
    (fp_line (start 0.8 -0.4) (end 0.8 0.4) (layer F.Fab) (width 0.1))
    (fp_line (start 0.8 0.4) (end -0.8 0.4) (layer F.Fab) (width 0.1))
    (fp_line (start -0.171267 -0.51) (end 0.171267 -0.51) (layer F.SilkS) (width 0.12))
    (fp_line (start -0.171267 0.51) (end 0.171267 0.51) (layer F.SilkS) (width 0.12))
    (fp_line (start -1.65 0.73) (end -1.65 -0.73) (layer F.CrtYd) (width 0.05))
    (fp_line (start -1.65 -0.73) (end 1.65 -0.73) (layer F.CrtYd) (width 0.05))
    (fp_line (start 1.65 -0.73) (end 1.65 0.73) (layer F.CrtYd) (width 0.05))
    (fp_line (start 1.65 0.73) (end -1.65 0.73) (layer F.CrtYd) (width 0.05))
    (fp_text user %R (at 0 0) (layer F.Fab)
      (effects (font (size 0.4 0.4) (thickness 0.06)))
    )
    (pad 1 smd roundrect (at -0.875 0) (size 1.05 0.95) (layers F.Cu F.Paste F.Mask) (roundrect_rratio 0.25)
      (net 2 +3V3))
    (pad 2 smd roundrect (at 0.875 0) (size 1.05 0.95) (layers F.Cu F.Paste F.Mask) (roundrect_rratio 0.25)
      (net 1 GND))
    (model ${KISYS3DMOD}/Capacitor_SMD.3dshapes/C_0603_1608Metric.wrl
      (at (xyz 0 0 0))
      (scale (xyz 1 1 1))
      (rotate (xyz 0 0 0))
    )
  )

  (module Capacitor_SMD:C_0603_1608Metric_Pad1.05x0.95mm_HandSolder (layer F.Cu) (tedit 5B301BBE) (tstamp 5F050E43)
    (at 89.561001 242.909001)
    (descr "Capacitor SMD 0603 (1608 Metric), square (rectangular) end terminal, IPC_7351 nominal with elongated pad for handsoldering. (Body size source: http://www.tortai-tech.com/upload/download/2011102023233369053.pdf), generated with kicad-footprint-generator")
    (tags "capacitor handsolder")
    (path /5F340763)
    (attr smd)
    (fp_text reference C102 (at 0 -1.43) (layer F.SilkS)
      (effects (font (size 1 1) (thickness 0.15)))
    )
    (fp_text value 100nF (at 0 1.43) (layer F.Fab)
      (effects (font (size 1 1) (thickness 0.15)))
    )
    (fp_line (start -0.8 0.4) (end -0.8 -0.4) (layer F.Fab) (width 0.1))
    (fp_line (start -0.8 -0.4) (end 0.8 -0.4) (layer F.Fab) (width 0.1))
    (fp_line (start 0.8 -0.4) (end 0.8 0.4) (layer F.Fab) (width 0.1))
    (fp_line (start 0.8 0.4) (end -0.8 0.4) (layer F.Fab) (width 0.1))
    (fp_line (start -0.171267 -0.51) (end 0.171267 -0.51) (layer F.SilkS) (width 0.12))
    (fp_line (start -0.171267 0.51) (end 0.171267 0.51) (layer F.SilkS) (width 0.12))
    (fp_line (start -1.65 0.73) (end -1.65 -0.73) (layer F.CrtYd) (width 0.05))
    (fp_line (start -1.65 -0.73) (end 1.65 -0.73) (layer F.CrtYd) (width 0.05))
    (fp_line (start 1.65 -0.73) (end 1.65 0.73) (layer F.CrtYd) (width 0.05))
    (fp_line (start 1.65 0.73) (end -1.65 0.73) (layer F.CrtYd) (width 0.05))
    (fp_text user %R (at 0 0) (layer F.Fab)
      (effects (font (size 0.4 0.4) (thickness 0.06)))
    )
    (pad 1 smd roundrect (at -0.875 0) (size 1.05 0.95) (layers F.Cu F.Paste F.Mask) (roundrect_rratio 0.25)
      (net 92 /TEMP_SENSOR1))
    (pad 2 smd roundrect (at 0.875 0) (size 1.05 0.95) (layers F.Cu F.Paste F.Mask) (roundrect_rratio 0.25)
      (net 1 GND))
    (model ${KISYS3DMOD}/Capacitor_SMD.3dshapes/C_0603_1608Metric.wrl
      (at (xyz 0 0 0))
      (scale (xyz 1 1 1))
      (rotate (xyz 0 0 0))
    )
  )

  (module Capacitor_SMD:C_0603_1608Metric_Pad1.05x0.95mm_HandSolder (layer F.Cu) (tedit 5B301BBE) (tstamp 5F050E54)
    (at 73.811001 249.949001)
    (descr "Capacitor SMD 0603 (1608 Metric), square (rectangular) end terminal, IPC_7351 nominal with elongated pad for handsoldering. (Body size source: http://www.tortai-tech.com/upload/download/2011102023233369053.pdf), generated with kicad-footprint-generator")
    (tags "capacitor handsolder")
    (path /5FD77740)
    (attr smd)
    (fp_text reference C103 (at 0 -1.43) (layer F.SilkS)
      (effects (font (size 1 1) (thickness 0.15)))
    )
    (fp_text value 100nF (at 0 1.43) (layer F.Fab)
      (effects (font (size 1 1) (thickness 0.15)))
    )
    (fp_line (start -0.8 0.4) (end -0.8 -0.4) (layer F.Fab) (width 0.1))
    (fp_line (start -0.8 -0.4) (end 0.8 -0.4) (layer F.Fab) (width 0.1))
    (fp_line (start 0.8 -0.4) (end 0.8 0.4) (layer F.Fab) (width 0.1))
    (fp_line (start 0.8 0.4) (end -0.8 0.4) (layer F.Fab) (width 0.1))
    (fp_line (start -0.171267 -0.51) (end 0.171267 -0.51) (layer F.SilkS) (width 0.12))
    (fp_line (start -0.171267 0.51) (end 0.171267 0.51) (layer F.SilkS) (width 0.12))
    (fp_line (start -1.65 0.73) (end -1.65 -0.73) (layer F.CrtYd) (width 0.05))
    (fp_line (start -1.65 -0.73) (end 1.65 -0.73) (layer F.CrtYd) (width 0.05))
    (fp_line (start 1.65 -0.73) (end 1.65 0.73) (layer F.CrtYd) (width 0.05))
    (fp_line (start 1.65 0.73) (end -1.65 0.73) (layer F.CrtYd) (width 0.05))
    (fp_text user %R (at 0 0) (layer F.Fab)
      (effects (font (size 0.4 0.4) (thickness 0.06)))
    )
    (pad 1 smd roundrect (at -0.875 0) (size 1.05 0.95) (layers F.Cu F.Paste F.Mask) (roundrect_rratio 0.25)
      (net 93 /TEMP_SENSOR2))
    (pad 2 smd roundrect (at 0.875 0) (size 1.05 0.95) (layers F.Cu F.Paste F.Mask) (roundrect_rratio 0.25)
      (net 1 GND))
    (model ${KISYS3DMOD}/Capacitor_SMD.3dshapes/C_0603_1608Metric.wrl
      (at (xyz 0 0 0))
      (scale (xyz 1 1 1))
      (rotate (xyz 0 0 0))
    )
  )

  (module Capacitor_SMD:C_0603_1608Metric_Pad1.05x0.95mm_HandSolder (layer F.Cu) (tedit 5B301BBE) (tstamp 5F050E65)
    (at 77.161001 248.439001)
    (descr "Capacitor SMD 0603 (1608 Metric), square (rectangular) end terminal, IPC_7351 nominal with elongated pad for handsoldering. (Body size source: http://www.tortai-tech.com/upload/download/2011102023233369053.pdf), generated with kicad-footprint-generator")
    (tags "capacitor handsolder")
    (path /5E9184B1)
    (attr smd)
    (fp_text reference C104 (at 0 -1.43) (layer F.SilkS)
      (effects (font (size 1 1) (thickness 0.15)))
    )
    (fp_text value 20pF (at 0 1.43) (layer F.Fab)
      (effects (font (size 1 1) (thickness 0.15)))
    )
    (fp_text user %R (at 0 0) (layer F.Fab)
      (effects (font (size 0.4 0.4) (thickness 0.06)))
    )
    (fp_line (start 1.65 0.73) (end -1.65 0.73) (layer F.CrtYd) (width 0.05))
    (fp_line (start 1.65 -0.73) (end 1.65 0.73) (layer F.CrtYd) (width 0.05))
    (fp_line (start -1.65 -0.73) (end 1.65 -0.73) (layer F.CrtYd) (width 0.05))
    (fp_line (start -1.65 0.73) (end -1.65 -0.73) (layer F.CrtYd) (width 0.05))
    (fp_line (start -0.171267 0.51) (end 0.171267 0.51) (layer F.SilkS) (width 0.12))
    (fp_line (start -0.171267 -0.51) (end 0.171267 -0.51) (layer F.SilkS) (width 0.12))
    (fp_line (start 0.8 0.4) (end -0.8 0.4) (layer F.Fab) (width 0.1))
    (fp_line (start 0.8 -0.4) (end 0.8 0.4) (layer F.Fab) (width 0.1))
    (fp_line (start -0.8 -0.4) (end 0.8 -0.4) (layer F.Fab) (width 0.1))
    (fp_line (start -0.8 0.4) (end -0.8 -0.4) (layer F.Fab) (width 0.1))
    (pad 2 smd roundrect (at 0.875 0) (size 1.05 0.95) (layers F.Cu F.Paste F.Mask) (roundrect_rratio 0.25)
      (net 1 GND))
    (pad 1 smd roundrect (at -0.875 0) (size 1.05 0.95) (layers F.Cu F.Paste F.Mask) (roundrect_rratio 0.25)
      (net 3 "Net-(C104-Pad1)"))
    (model ${KISYS3DMOD}/Capacitor_SMD.3dshapes/C_0603_1608Metric.wrl
      (at (xyz 0 0 0))
      (scale (xyz 1 1 1))
      (rotate (xyz 0 0 0))
    )
  )

  (module Capacitor_SMD:C_0603_1608Metric_Pad1.05x0.95mm_HandSolder (layer F.Cu) (tedit 5B301BBE) (tstamp 5F050E76)
    (at 86.211001 241.399001)
    (descr "Capacitor SMD 0603 (1608 Metric), square (rectangular) end terminal, IPC_7351 nominal with elongated pad for handsoldering. (Body size source: http://www.tortai-tech.com/upload/download/2011102023233369053.pdf), generated with kicad-footprint-generator")
    (tags "capacitor handsolder")
    (path /5E918598)
    (attr smd)
    (fp_text reference C105 (at 0 -1.43) (layer F.SilkS)
      (effects (font (size 1 1) (thickness 0.15)))
    )
    (fp_text value 20pF (at 0 1.43) (layer F.Fab)
      (effects (font (size 1 1) (thickness 0.15)))
    )
    (fp_text user %R (at 0 0) (layer F.Fab)
      (effects (font (size 0.4 0.4) (thickness 0.06)))
    )
    (fp_line (start 1.65 0.73) (end -1.65 0.73) (layer F.CrtYd) (width 0.05))
    (fp_line (start 1.65 -0.73) (end 1.65 0.73) (layer F.CrtYd) (width 0.05))
    (fp_line (start -1.65 -0.73) (end 1.65 -0.73) (layer F.CrtYd) (width 0.05))
    (fp_line (start -1.65 0.73) (end -1.65 -0.73) (layer F.CrtYd) (width 0.05))
    (fp_line (start -0.171267 0.51) (end 0.171267 0.51) (layer F.SilkS) (width 0.12))
    (fp_line (start -0.171267 -0.51) (end 0.171267 -0.51) (layer F.SilkS) (width 0.12))
    (fp_line (start 0.8 0.4) (end -0.8 0.4) (layer F.Fab) (width 0.1))
    (fp_line (start 0.8 -0.4) (end 0.8 0.4) (layer F.Fab) (width 0.1))
    (fp_line (start -0.8 -0.4) (end 0.8 -0.4) (layer F.Fab) (width 0.1))
    (fp_line (start -0.8 0.4) (end -0.8 -0.4) (layer F.Fab) (width 0.1))
    (pad 2 smd roundrect (at 0.875 0) (size 1.05 0.95) (layers F.Cu F.Paste F.Mask) (roundrect_rratio 0.25)
      (net 1 GND))
    (pad 1 smd roundrect (at -0.875 0) (size 1.05 0.95) (layers F.Cu F.Paste F.Mask) (roundrect_rratio 0.25)
      (net 4 "Net-(C105-Pad1)"))
    (model ${KISYS3DMOD}/Capacitor_SMD.3dshapes/C_0603_1608Metric.wrl
      (at (xyz 0 0 0))
      (scale (xyz 1 1 1))
      (rotate (xyz 0 0 0))
    )
  )

  (module Capacitor_SMD:C_0603_1608Metric_Pad1.05x0.95mm_HandSolder (layer F.Cu) (tedit 5B301BBE) (tstamp 5F050E87)
    (at 73.811001 248.439001)
    (descr "Capacitor SMD 0603 (1608 Metric), square (rectangular) end terminal, IPC_7351 nominal with elongated pad for handsoldering. (Body size source: http://www.tortai-tech.com/upload/download/2011102023233369053.pdf), generated with kicad-footprint-generator")
    (tags "capacitor handsolder")
    (path /5EB07F17)
    (attr smd)
    (fp_text reference C106 (at 0 -1.43) (layer F.SilkS)
      (effects (font (size 1 1) (thickness 0.15)))
    )
    (fp_text value 100nF (at 0 1.43) (layer F.Fab)
      (effects (font (size 1 1) (thickness 0.15)))
    )
    (fp_text user %R (at 0 0) (layer F.Fab)
      (effects (font (size 0.4 0.4) (thickness 0.06)))
    )
    (fp_line (start 1.65 0.73) (end -1.65 0.73) (layer F.CrtYd) (width 0.05))
    (fp_line (start 1.65 -0.73) (end 1.65 0.73) (layer F.CrtYd) (width 0.05))
    (fp_line (start -1.65 -0.73) (end 1.65 -0.73) (layer F.CrtYd) (width 0.05))
    (fp_line (start -1.65 0.73) (end -1.65 -0.73) (layer F.CrtYd) (width 0.05))
    (fp_line (start -0.171267 0.51) (end 0.171267 0.51) (layer F.SilkS) (width 0.12))
    (fp_line (start -0.171267 -0.51) (end 0.171267 -0.51) (layer F.SilkS) (width 0.12))
    (fp_line (start 0.8 0.4) (end -0.8 0.4) (layer F.Fab) (width 0.1))
    (fp_line (start 0.8 -0.4) (end 0.8 0.4) (layer F.Fab) (width 0.1))
    (fp_line (start -0.8 -0.4) (end 0.8 -0.4) (layer F.Fab) (width 0.1))
    (fp_line (start -0.8 0.4) (end -0.8 -0.4) (layer F.Fab) (width 0.1))
    (pad 2 smd roundrect (at 0.875 0) (size 1.05 0.95) (layers F.Cu F.Paste F.Mask) (roundrect_rratio 0.25)
      (net 1 GND))
    (pad 1 smd roundrect (at -0.875 0) (size 1.05 0.95) (layers F.Cu F.Paste F.Mask) (roundrect_rratio 0.25)
      (net 2 +3V3))
    (model ${KISYS3DMOD}/Capacitor_SMD.3dshapes/C_0603_1608Metric.wrl
      (at (xyz 0 0 0))
      (scale (xyz 1 1 1))
      (rotate (xyz 0 0 0))
    )
  )

  (module Capacitor_SMD:C_0603_1608Metric_Pad1.05x0.95mm_HandSolder (layer F.Cu) (tedit 5B301BBE) (tstamp 5F050E98)
    (at 86.211001 239.889001)
    (descr "Capacitor SMD 0603 (1608 Metric), square (rectangular) end terminal, IPC_7351 nominal with elongated pad for handsoldering. (Body size source: http://www.tortai-tech.com/upload/download/2011102023233369053.pdf), generated with kicad-footprint-generator")
    (tags "capacitor handsolder")
    (path /5EB07FAF)
    (attr smd)
    (fp_text reference C107 (at 0 -1.43) (layer F.SilkS)
      (effects (font (size 1 1) (thickness 0.15)))
    )
    (fp_text value 100nF (at 0 1.43) (layer F.Fab)
      (effects (font (size 1 1) (thickness 0.15)))
    )
    (fp_line (start -0.8 0.4) (end -0.8 -0.4) (layer F.Fab) (width 0.1))
    (fp_line (start -0.8 -0.4) (end 0.8 -0.4) (layer F.Fab) (width 0.1))
    (fp_line (start 0.8 -0.4) (end 0.8 0.4) (layer F.Fab) (width 0.1))
    (fp_line (start 0.8 0.4) (end -0.8 0.4) (layer F.Fab) (width 0.1))
    (fp_line (start -0.171267 -0.51) (end 0.171267 -0.51) (layer F.SilkS) (width 0.12))
    (fp_line (start -0.171267 0.51) (end 0.171267 0.51) (layer F.SilkS) (width 0.12))
    (fp_line (start -1.65 0.73) (end -1.65 -0.73) (layer F.CrtYd) (width 0.05))
    (fp_line (start -1.65 -0.73) (end 1.65 -0.73) (layer F.CrtYd) (width 0.05))
    (fp_line (start 1.65 -0.73) (end 1.65 0.73) (layer F.CrtYd) (width 0.05))
    (fp_line (start 1.65 0.73) (end -1.65 0.73) (layer F.CrtYd) (width 0.05))
    (fp_text user %R (at 0 0) (layer F.Fab)
      (effects (font (size 0.4 0.4) (thickness 0.06)))
    )
    (pad 1 smd roundrect (at -0.875 0) (size 1.05 0.95) (layers F.Cu F.Paste F.Mask) (roundrect_rratio 0.25)
      (net 2 +3V3))
    (pad 2 smd roundrect (at 0.875 0) (size 1.05 0.95) (layers F.Cu F.Paste F.Mask) (roundrect_rratio 0.25)
      (net 1 GND))
    (model ${KISYS3DMOD}/Capacitor_SMD.3dshapes/C_0603_1608Metric.wrl
      (at (xyz 0 0 0))
      (scale (xyz 1 1 1))
      (rotate (xyz 0 0 0))
    )
  )

  (module Capacitor_SMD:C_0603_1608Metric_Pad1.05x0.95mm_HandSolder (layer F.Cu) (tedit 5B301BBE) (tstamp 5F050EA9)
    (at 86.211001 245.889001)
    (descr "Capacitor SMD 0603 (1608 Metric), square (rectangular) end terminal, IPC_7351 nominal with elongated pad for handsoldering. (Body size source: http://www.tortai-tech.com/upload/download/2011102023233369053.pdf), generated with kicad-footprint-generator")
    (tags "capacitor handsolder")
    (path /5EB08031)
    (attr smd)
    (fp_text reference C108 (at 0 -1.43) (layer F.SilkS)
      (effects (font (size 1 1) (thickness 0.15)))
    )
    (fp_text value 100nF (at 0 1.43) (layer F.Fab)
      (effects (font (size 1 1) (thickness 0.15)))
    )
    (fp_text user %R (at 0 0) (layer F.Fab)
      (effects (font (size 0.4 0.4) (thickness 0.06)))
    )
    (fp_line (start 1.65 0.73) (end -1.65 0.73) (layer F.CrtYd) (width 0.05))
    (fp_line (start 1.65 -0.73) (end 1.65 0.73) (layer F.CrtYd) (width 0.05))
    (fp_line (start -1.65 -0.73) (end 1.65 -0.73) (layer F.CrtYd) (width 0.05))
    (fp_line (start -1.65 0.73) (end -1.65 -0.73) (layer F.CrtYd) (width 0.05))
    (fp_line (start -0.171267 0.51) (end 0.171267 0.51) (layer F.SilkS) (width 0.12))
    (fp_line (start -0.171267 -0.51) (end 0.171267 -0.51) (layer F.SilkS) (width 0.12))
    (fp_line (start 0.8 0.4) (end -0.8 0.4) (layer F.Fab) (width 0.1))
    (fp_line (start 0.8 -0.4) (end 0.8 0.4) (layer F.Fab) (width 0.1))
    (fp_line (start -0.8 -0.4) (end 0.8 -0.4) (layer F.Fab) (width 0.1))
    (fp_line (start -0.8 0.4) (end -0.8 -0.4) (layer F.Fab) (width 0.1))
    (pad 2 smd roundrect (at 0.875 0) (size 1.05 0.95) (layers F.Cu F.Paste F.Mask) (roundrect_rratio 0.25)
      (net 1 GND))
    (pad 1 smd roundrect (at -0.875 0) (size 1.05 0.95) (layers F.Cu F.Paste F.Mask) (roundrect_rratio 0.25)
      (net 2 +3V3))
    (model ${KISYS3DMOD}/Capacitor_SMD.3dshapes/C_0603_1608Metric.wrl
      (at (xyz 0 0 0))
      (scale (xyz 1 1 1))
      (rotate (xyz 0 0 0))
    )
  )

  (module Capacitor_SMD:C_0603_1608Metric_Pad1.05x0.95mm_HandSolder (layer F.Cu) (tedit 5B301BBE) (tstamp 5F050EBA)
    (at 103.511001 245.189001)
    (descr "Capacitor SMD 0603 (1608 Metric), square (rectangular) end terminal, IPC_7351 nominal with elongated pad for handsoldering. (Body size source: http://www.tortai-tech.com/upload/download/2011102023233369053.pdf), generated with kicad-footprint-generator")
    (tags "capacitor handsolder")
    (path /5EB080B5)
    (attr smd)
    (fp_text reference C109 (at 0 -1.43) (layer F.SilkS)
      (effects (font (size 1 1) (thickness 0.15)))
    )
    (fp_text value 100nF (at 0 1.43) (layer F.Fab)
      (effects (font (size 1 1) (thickness 0.15)))
    )
    (fp_line (start -0.8 0.4) (end -0.8 -0.4) (layer F.Fab) (width 0.1))
    (fp_line (start -0.8 -0.4) (end 0.8 -0.4) (layer F.Fab) (width 0.1))
    (fp_line (start 0.8 -0.4) (end 0.8 0.4) (layer F.Fab) (width 0.1))
    (fp_line (start 0.8 0.4) (end -0.8 0.4) (layer F.Fab) (width 0.1))
    (fp_line (start -0.171267 -0.51) (end 0.171267 -0.51) (layer F.SilkS) (width 0.12))
    (fp_line (start -0.171267 0.51) (end 0.171267 0.51) (layer F.SilkS) (width 0.12))
    (fp_line (start -1.65 0.73) (end -1.65 -0.73) (layer F.CrtYd) (width 0.05))
    (fp_line (start -1.65 -0.73) (end 1.65 -0.73) (layer F.CrtYd) (width 0.05))
    (fp_line (start 1.65 -0.73) (end 1.65 0.73) (layer F.CrtYd) (width 0.05))
    (fp_line (start 1.65 0.73) (end -1.65 0.73) (layer F.CrtYd) (width 0.05))
    (fp_text user %R (at 0 0) (layer F.Fab)
      (effects (font (size 0.4 0.4) (thickness 0.06)))
    )
    (pad 1 smd roundrect (at -0.875 0) (size 1.05 0.95) (layers F.Cu F.Paste F.Mask) (roundrect_rratio 0.25)
      (net 2 +3V3))
    (pad 2 smd roundrect (at 0.875 0) (size 1.05 0.95) (layers F.Cu F.Paste F.Mask) (roundrect_rratio 0.25)
      (net 1 GND))
    (model ${KISYS3DMOD}/Capacitor_SMD.3dshapes/C_0603_1608Metric.wrl
      (at (xyz 0 0 0))
      (scale (xyz 1 1 1))
      (rotate (xyz 0 0 0))
    )
  )

  (module Capacitor_SMD:C_0603_1608Metric_Pad1.05x0.95mm_HandSolder (layer F.Cu) (tedit 5B301BBE) (tstamp 5F050ECB)
    (at 67.611001 286.539001)
    (descr "Capacitor SMD 0603 (1608 Metric), square (rectangular) end terminal, IPC_7351 nominal with elongated pad for handsoldering. (Body size source: http://www.tortai-tech.com/upload/download/2011102023233369053.pdf), generated with kicad-footprint-generator")
    (tags "capacitor handsolder")
    (path /5EAA98D1)
    (attr smd)
    (fp_text reference C110 (at 0 -1.43) (layer F.SilkS)
      (effects (font (size 1 1) (thickness 0.15)))
    )
    (fp_text value 10nF (at 0 1.43) (layer F.Fab)
      (effects (font (size 1 1) (thickness 0.15)))
    )
    (fp_text user %R (at 0 0) (layer F.Fab)
      (effects (font (size 0.4 0.4) (thickness 0.06)))
    )
    (fp_line (start 1.65 0.73) (end -1.65 0.73) (layer F.CrtYd) (width 0.05))
